0.993 0.14 0.0125 0.002 0.02 0.0028 0.0047 0.0028
0.991 0.14 0.0246 0.004 0.01 0.0016 0.0024 0.0016
0.994 0.14 0.052 0.007 0.005 0.00074 0.00118 0.00074
0.991 0.14 0.133 0.020 0.002 0.00033 0.00043 0.00033
0.972 0.14 0.3325 0.044 0.001 0.000148 0.000159 0.000148
0.934 0.14 0.451 0.066 0.0005 0.00009 -0.000049 0.00009
0.991 0.14 0.130 0.018 0.0002 0.00003 -0.000043 0.00003
0.991 0.14 0.064 0.009 0.0001 0.000017 -0.000023 0.000017
0.991 0.14 0.031 0.005 0.00005 0.000008 -0.000012 0.000008
0.991 0.14 0.011 0.002 0.00002 0.0000034 -0.000005 0.0000034
0.923 0.14 0.59 0.09 0.000613 0.000104 -0.0000006 0.000104
0.940 0.14 0.49 0.066 0.000769 0.00012 0.000074 0.00012
