0.991   0.140   0.0046  0.002   0.1         0.02        0.02        0.02
0.991   0.140   0.0076  0.002   0.05        0.01        0.011       0.01
0.991   0.140   0.0152  0.003   0.02        0.005       0.0046      0.005
0.991   0.140   0.028   0.004   0.01        0.002       0.0024      0.002
0.993   0.140   0.053   0.008   0.005       0.001       0.0012      0.001
0.991   0.140   0.125   0.018   0.002       0.0005      0.000450    0.0005
0.991   0.140   0.243   0.034   0.001       0.0002      0.000208    0.0002
0.985   0.140   0.445   0.062   0.0005      0.0001      0.000085    0.0001
0.962   0.140   0.746   0.104   0.0002      0.00005     0.000021    0.00005
0.951   0.140   0.877   0.124   0.0001      0.00002     0.000006    0.00002
0.945   0.140   0.913   0.128   0.00005     0.00001     0.0000016   0.00001
0.946   0.140   0.934   0.140   0.00002     0.000005    0.000000280 0.000005
0.946   0.140   0.940   0.140   0.00001     0.000002    0.000000050 0.000002